v 0.133 0.0 0.05
v 0.132738 0.008351 0.05
v 0.131951 0.016669 0.05
v 0.130644 0.024922 0.05
v 0.128822 0.033076 0.05
v 0.126491 0.041099 0.05
v 0.12366 0.048961 0.05
v 0.120342 0.056629 0.05
v 0.116549 0.064073 0.05
v 0.112296 0.071265 0.05
v 0.107599 0.078175 0.05
v 0.102478 0.084777 0.05
v 0.096953 0.091045 0.05
v 0.091045 0.096953 0.05
v 0.084777 0.102478 0.05
v 0.078175 0.107599 0.05
v 0.071265 0.112296 0.05
v 0.064073 0.116549 0.05
v 0.056629 0.120342 0.05
v 0.048961 0.12366 0.05
v 0.041099 0.126491 0.05
v 0.033076 0.128822 0.05
v 0.024922 0.130644 0.05
v 0.016669 0.131951 0.05
v 0.008351 0.132738 0.05
v -0.0 0.133 0.05
v -0.008351 0.132738 0.05
v -0.016669 0.131951 0.05
v -0.024922 0.130644 0.05
v -0.033076 0.128822 0.05
v -0.041099 0.126491 0.05
v -0.048961 0.12366 0.05
v -0.056629 0.120342 0.05
v -0.064073 0.116549 0.05
v -0.071265 0.112296 0.05
v -0.078175 0.107599 0.05
v -0.084777 0.102478 0.05
v -0.091045 0.096953 0.05
v -0.096953 0.091045 0.05
v -0.102478 0.084777 0.05
v -0.107599 0.078175 0.05
v -0.112296 0.071265 0.05
v -0.116549 0.064073 0.05
v -0.120342 0.056629 0.05
v -0.12366 0.048961 0.05
v -0.126491 0.041099 0.05
v -0.128822 0.033076 0.05
v -0.130644 0.024922 0.05
v -0.131951 0.016669 0.05
v -0.132738 0.008351 0.05
v -0.133 -0.0 0.05
v -0.132738 -0.008351 0.05
v -0.131951 -0.016669 0.05
v -0.130644 -0.024922 0.05
v -0.128822 -0.033076 0.05
v -0.126491 -0.041099 0.05
v -0.12366 -0.048961 0.05
v -0.120342 -0.056629 0.05
v -0.116549 -0.064073 0.05
v -0.112296 -0.071265 0.05
v -0.107599 -0.078175 0.05
v -0.102478 -0.084777 0.05
v -0.096953 -0.091045 0.05
v -0.091045 -0.096953 0.05
v -0.084777 -0.102478 0.05
v -0.078175 -0.107599 0.05
v -0.071265 -0.112296 0.05
v -0.064073 -0.116549 0.05
v -0.056629 -0.120342 0.05
v -0.048961 -0.12366 0.05
v -0.041099 -0.126491 0.05
v -0.033076 -0.128822 0.05
v -0.024922 -0.130644 0.05
v -0.016669 -0.131951 0.05
v -0.008351 -0.132738 0.05
v -0.0 -0.133 0.05
v 0.008351 -0.132738 0.05
v 0.016669 -0.131951 0.05
v 0.024922 -0.130644 0.05
v 0.033076 -0.128822 0.05
v 0.041099 -0.126491 0.05
v 0.048961 -0.12366 0.05
v 0.056629 -0.120342 0.05
v 0.064073 -0.116549 0.05
v 0.071265 -0.112296 0.05
v 0.078175 -0.107599 0.05
v 0.084777 -0.102478 0.05
v 0.091045 -0.096953 0.05
v 0.096953 -0.091045 0.05
v 0.102478 -0.084777 0.05
v 0.107599 -0.078175 0.05
v 0.112296 -0.071265 0.05
v 0.116549 -0.064073 0.05
v 0.120342 -0.056629 0.05
v 0.12366 -0.048961 0.05
v 0.126491 -0.041099 0.05
v 0.128822 -0.033076 0.05
v 0.130644 -0.024922 0.05
v 0.131951 -0.016669 0.05
v 0.132738 -0.008351 0.05
# UpSide point
v 0.133 0.0 -0.05
v 0.132738 0.008351 -0.05
v 0.131951 0.016669 -0.05
v 0.130644 0.024922 -0.05
v 0.128822 0.033076 -0.05
v 0.126491 0.041099 -0.05
v 0.12366 0.048961 -0.05
v 0.120342 0.056629 -0.05
v 0.116549 0.064073 -0.05
v 0.112296 0.071265 -0.05
v 0.107599 0.078175 -0.05
v 0.102478 0.084777 -0.05
v 0.096953 0.091045 -0.05
v 0.091045 0.096953 -0.05
v 0.084777 0.102478 -0.05
v 0.078175 0.107599 -0.05
v 0.071265 0.112296 -0.05
v 0.064073 0.116549 -0.05
v 0.056629 0.120342 -0.05
v 0.048961 0.12366 -0.05
v 0.041099 0.126491 -0.05
v 0.033076 0.128822 -0.05
v 0.024922 0.130644 -0.05
v 0.016669 0.131951 -0.05
v 0.008351 0.132738 -0.05
v -0.0 0.133 -0.05
v -0.008351 0.132738 -0.05
v -0.016669 0.131951 -0.05
v -0.024922 0.130644 -0.05
v -0.033076 0.128822 -0.05
v -0.041099 0.126491 -0.05
v -0.048961 0.12366 -0.05
v -0.056629 0.120342 -0.05
v -0.064073 0.116549 -0.05
v -0.071265 0.112296 -0.05
v -0.078175 0.107599 -0.05
v -0.084777 0.102478 -0.05
v -0.091045 0.096953 -0.05
v -0.096953 0.091045 -0.05
v -0.102478 0.084777 -0.05
v -0.107599 0.078175 -0.05
v -0.112296 0.071265 -0.05
v -0.116549 0.064073 -0.05
v -0.120342 0.056629 -0.05
v -0.12366 0.048961 -0.05
v -0.126491 0.041099 -0.05
v -0.128822 0.033076 -0.05
v -0.130644 0.024922 -0.05
v -0.131951 0.016669 -0.05
v -0.132738 0.008351 -0.05
v -0.133 -0.0 -0.05
v -0.132738 -0.008351 -0.05
v -0.131951 -0.016669 -0.05
v -0.130644 -0.024922 -0.05
v -0.128822 -0.033076 -0.05
v -0.126491 -0.041099 -0.05
v -0.12366 -0.048961 -0.05
v -0.120342 -0.056629 -0.05
v -0.116549 -0.064073 -0.05
v -0.112296 -0.071265 -0.05
v -0.107599 -0.078175 -0.05
v -0.102478 -0.084777 -0.05
v -0.096953 -0.091045 -0.05
v -0.091045 -0.096953 -0.05
v -0.084777 -0.102478 -0.05
v -0.078175 -0.107599 -0.05
v -0.071265 -0.112296 -0.05
v -0.064073 -0.116549 -0.05
v -0.056629 -0.120342 -0.05
v -0.048961 -0.12366 -0.05
v -0.041099 -0.126491 -0.05
v -0.033076 -0.128822 -0.05
v -0.024922 -0.130644 -0.05
v -0.016669 -0.131951 -0.05
v -0.008351 -0.132738 -0.05
v -0.0 -0.133 -0.05
v 0.008351 -0.132738 -0.05
v 0.016669 -0.131951 -0.05
v 0.024922 -0.130644 -0.05
v 0.033076 -0.128822 -0.05
v 0.041099 -0.126491 -0.05
v 0.048961 -0.12366 -0.05
v 0.056629 -0.120342 -0.05
v 0.064073 -0.116549 -0.05
v 0.071265 -0.112296 -0.05
v 0.078175 -0.107599 -0.05
v 0.084777 -0.102478 -0.05
v 0.091045 -0.096953 -0.05
v 0.096953 -0.091045 -0.05
v 0.102478 -0.084777 -0.05
v 0.107599 -0.078175 -0.05
v 0.112296 -0.071265 -0.05
v 0.116549 -0.064073 -0.05
v 0.120342 -0.056629 -0.05
v 0.12366 -0.048961 -0.05
v 0.126491 -0.041099 -0.05
v 0.128822 -0.033076 -0.05
v 0.130644 -0.024922 -0.05
v 0.131951 -0.016669 -0.05
v 0.132738 -0.008351 -0.05
# DownSide point
f 1 101 102 2
f 2 102 103 3
f 3 103 104 4
f 4 104 105 5
f 5 105 106 6
f 6 106 107 7
f 7 107 108 8
f 8 108 109 9
f 9 109 110 10
f 10 110 111 11
f 11 111 112 12
f 12 112 113 13
f 13 113 114 14
f 14 114 115 15
f 15 115 116 16
f 16 116 117 17
f 17 117 118 18
f 18 118 119 19
f 19 119 120 20
f 20 120 121 21
f 21 121 122 22
f 22 122 123 23
f 23 123 124 24
f 24 124 125 25
f 25 125 126 26
f 26 126 127 27
f 27 127 128 28
f 28 128 129 29
f 29 129 130 30
f 30 130 131 31
f 31 131 132 32
f 32 132 133 33
f 33 133 134 34
f 34 134 135 35
f 35 135 136 36
f 36 136 137 37
f 37 137 138 38
f 38 138 139 39
f 39 139 140 40
f 40 140 141 41
f 41 141 142 42
f 42 142 143 43
f 43 143 144 44
f 44 144 145 45
f 45 145 146 46
f 46 146 147 47
f 47 147 148 48
f 48 148 149 49
f 49 149 150 50
f 50 150 151 51
f 51 151 152 52
f 52 152 153 53
f 53 153 154 54
f 54 154 155 55
f 55 155 156 56
f 56 156 157 57
f 57 157 158 58
f 58 158 159 59
f 59 159 160 60
f 60 160 161 61
f 61 161 162 62
f 62 162 163 63
f 63 163 164 64
f 64 164 165 65
f 65 165 166 66
f 66 166 167 67
f 67 167 168 68
f 68 168 169 69
f 69 169 170 70
f 70 170 171 71
f 71 171 172 72
f 72 172 173 73
f 73 173 174 74
f 74 174 175 75
f 75 175 176 76
f 76 176 177 77
f 77 177 178 78
f 78 178 179 79
f 79 179 180 80
f 80 180 181 81
f 81 181 182 82
f 82 182 183 83
f 83 183 184 84
f 84 184 185 85
f 85 185 186 86
f 86 186 187 87
f 87 187 188 88
f 88 188 189 89
f 89 189 190 90
f 90 190 191 91
f 91 191 192 92
f 92 192 193 93
f 93 193 194 94
f 94 194 195 95
f 95 195 196 96
f 96 196 197 97
f 97 197 198 98
f 98 198 199 99
f 99 199 200 100
f 100 200 101 1
#SideSurface
f 1 2 3 4 5 6 7 8 9 10 11 12 13 14 15 16 17 18 19 20 21 22 23 24 25 26 27 28 29 30 31 32 33 34 35 36 37 38 39 40 41 42 43 44 45 46 47 48 49 50 51 52 53 54 55 56 57 58 59 60 61 62 63 64 65 66 67 68 69 70 71 72 73 74 75 76 77 78 79 80 81 82 83 84 85 86 87 88 89 90 91 92 93 94 95 96 97 98 99 100
# UpSideSurface
f 200 199 198 197 196 195 194 193 192 191 190 189 188 187 186 185 184 183 182 181 180 179 178 177 176 175 174 173 172 171 170 169 168 167 166 165 164 163 162 161 160 159 158 157 156 155 154 153 152 151 150 149 148 147 146 145 144 143 142 141 140 139 138 137 136 135 134 133 132 131 130 129 128 127 126 125 124 123 122 121 120 119 118 117 116 115 114 113 112 111 110 109 108 107 106 105 104 103 102 101
# DownSideSurface
